5.67324370926453
-16.7814305815290
-15.1937582571764
8.16164123626784
19.8240562372695
3.08502899775168
-18.0738441018301
-13.3387612330452
10.5064397763546
19.2993205698423
0.442535125239115
-19.0482596083031
-11.2490770247634
12.6663840617260
18.4350253944950
-2.20774487678095
-19.6875328678808
-8.96147232258340
14.6034712198964
17.2463774457537
-4.81918098472403
-19.9804162662930
-6.51619610439929
16.2836194105312
15.7542902428847
-7.34582660909393
-19.9217567028237
-3.95627148008536
17.6772674741700
13.9850161295675
-9.74322699606683
-19.5125862559047
-1.32673872671247
18.7598950423888
11.9696843802820
-11.9692013811572
-18.7601040243390
1.32613716703423
19.5124539583889
9.74375350014012
-13.9845851334595
-17.6775494636474
3.95568050447444
19.9217034174344
7.34638735460490
-15.7539188329012
-16.2839694461069
6.51562611070296
19.9804429305535
4.81976610570517
-17.2460721566216
-14.6038831429128
8.96093333948524
19.6876390126501
2.20834407839356
-18.4347915975863
-12.6668506246545
11.2485785353349
19.0484433660301
-0.441932385573679
-19.2991623786677
-10.5069527703115
13.3383120078968
18.0741022394123
-3.08443332486189
-19.8239764351041
-8.16219163544439
15.1933662001445
16.7817585571966
-5.67266558364333
-19.9999999909132
-5.67382182973055
16.7811025906125
15.1941503004021
-8.16109082967495
-19.8241360214210
-3.08562466783817
18.0735859478246
13.3392104460729
-10.5059267728507
-19.2994787434798
-0.443137864502427
19.0480758332673
11.2495755039702
-12.6659174872878
-18.4352591746521
2.20714567316221
19.6874267052219
8.96201129753844
-14.6030592836101
-17.2466827192142
4.81859585936378
19.9803895838766
6.51676609217446
-16.2832693601589
-15.7546616385526
7.34526585690794
19.9218099701104
3.95686245210129
-17.6769854686296
-13.9854471129676
9.74270048314005
19.5127185356899
1.32734028518514
-18.7596860433919
-11.9701673685302
11.9687183711561
18.7603129892422
-1.32553560615094
-19.5123216431424
-9.74427999535944
13.9841541246439
17.6778314370616
-3.95508952526907
-19.9216501139427
-7.34694809344035
15.7535474086023
16.2843194668857
-6.51505611108601
-19.9804695766581
-4.82035122230668
17.2457668518184
14.6042950526588
-8.96039434824444
-19.6877451395296
