-0.000000
-0.000675
0.003773
-0.005668
0.002684
0.000022
-0.000915
0.004059
-0.006276
0.003334
-0.000030
-0.001350
0.004730
-0.007342
0.004358
-0.000190
-0.002021
0.005859
-0.008888
0.005755
-0.000452
-0.002948
0.007473
-0.010986
0.007593
-0.000849
-0.004147
0.009655
-0.013681
0.009880
-0.001390
-0.005635
0.012420
-0.017007
0.012657
-0.002090
-0.007436
0.015867
-0.021073
0.015986
-0.002957
-0.009588
0.020050
-0.025943
0.019922
-0.004005
-0.012127
0.025043
-0.031739
0.024568
-0.005232
-0.010271
0.003560
0.003807
0.008272
-0.006283
-0.010080
0.005165
0.003517
0.007784
-0.007298
-0.009923
0.007134
0.002595
0.007591
-0.008293
-0.009851
0.009520
0.001019
0.007715
-0.009247
-0.009897
0.012325
-0.001284
0.008245
-0.010181
-0.010094
0.015614
-0.004354
0.009212
-0.011096
-0.010473
0.019381
-0.008220
0.010682
-0.011998
-0.011082
0.023706
-0.012979
0.012738
-0.012893
-0.011978
0.028630
-0.018686
0.015458
-0.013794
-0.013217
0.034214
-0.025446
0.018967
-0.014703
-0.010043
0.013160
0.009026
0.001633
-0.015269
-0.008538
0.015025
0.007569
0.000223
-0.015639
-0.007094
0.017080
0.005409
-0.000758
-0.015844
-0.005785
0.019378
0.002546
-0.001276
-0.015875
-0.004666
0.021921
-0.001071
-0.001230
