0.000000
0.016781
0.003447
-0.018797
0.002671
-0.009255
0.025475
0.003785
-0.035241
0.033279
-0.042381
0.047852
0.009240
-0.079486
0.105090
-0.117455
0.097546
0.020737
-0.179958
0.288314
-0.341449
0.284901
-0.001008
-0.575376
1.752125
-7.889410
-19.824284
-4.714998
17.851698
13.985170
-9.161991
-19.653519
-1.855340
18.739929
12.208386
-11.533767
-18.935719
0.845540
19.469307
10.090794
-13.637111
-17.894459
3.503059
19.901117
7.752090
-15.469773
-16.548388
6.086333
20.006996
5.252373
-17.014385
-14.899375
8.561605
19.756580
2.646785
-18.254999
-13.003288
10.877913
19.174595
0.000301
-19.174423
-10.878420
13.002829
18.255239
-2.646187
-19.756483
-8.562148
14.898972
17.014694
-5.246119
-19.990950
-6.095237
16.532976
15.474791
-7.753745
-19.873684
-3.521078
17.876089
13.662622
-10.124952
-19.406754
-0.884971
18.904686
11.610062
-12.318014
-18.598373
1.766706
19.600666
9.353231
-14.294352
-17.462763
4.387300
19.951790
6.931835
-16.019188
-16.019913
6.930703
19.951870
4.388480
-17.462177
-14.295197
9.352162
19.600904
1.767908
-18.597933
-12.318970
11.609080
18.905083
-0.883767
-19.406466
-10.125995
13.661740
17.876629
-3.519892
-19.873550
-7.754858
15.474031
16.533653
-6.094089
-19.990974
-5.247280
17.014071
14.899778
-8.561060
-19.756672
